100
8 851 15 663 888 517 846 428 402
8 158 820 982 517 251 760 425 571
8 273 528 934 359 861 253 812 863
8 556 519 764 624 560 497 250 911
8 624 511 627 473 878 492 222 436
8 1000 1000 1000 1000 1000 1000 1000 999
8 26 624 629 238 445 354 608 85
8 344 400 754 491 21 206 599 996
8 332 532 249 618 788 16 555 913
8 968 241 825 786 81 789 455 936
8 3 140 17 237 895 117 437 934
8 820 977 971 338 754 623 562 442
8 792 983 584 15 861 470 374 370
8 600 195 244 656 167 778 653 873
8 3 773 600 240 537 319 26 99
8 1000 1000 1000 1000 1000 1000 1000 1000
8 297 439 891 402 414 804 844 875
8 660 5 69 694 976 874 898 972
8 653 74 764 682 500 440 437 256
8 697 668 211 992 47 841 541 311
8 651 422 195 626 647 92 949 478
8 590 735 26 838 968 49 851 398
8 790 470 500 498 145 4 267 787
8 374 927 12 52 872 879 534 360
8 867 333 655 245 352 238 684 150
8 632 739 206 618 239 962 499 32
8 291 240 485 782 181 398 928 73
8 377 763 103 266 433 480 364 222
8 707 560 835 26 608 38 423 7
8 965 822 39 12 15 579 322 49
8 136 280 934 623 8 432 427 909
8 78 999 893 585 490 646 354 502
8 541 70 146 256 446 309 654 56
8 1 2 3 4 5 6 7 8
8 796 628 784 826 407 394 840 925
8 69 226 469 946 717 42 382 275
8 604 15 846 997 914 367 945 332
8 108 584 368 754 27 668 232 88
8 4 869 661 785 395 252 355 387
8 209 823 33 337 952 172 855 550
8 110 431 561 523 235 756 749 849
8 1 1 1 1 1 1 1 1
8 167 816 632 757 777 130 140 167
8 413 845 976 232 507 140 402 418
8 172 26 449 868 808 866 620 533
8 247 484 394 256 641 116 220 812
8 954 359 202 704 42 900 522 949
8 550 537 815 916 467 489 965 317
8 453 191 765 452 488 377 499 452
8 337 487 898 296 524 673 302 8
8 61 779 780 73 946 695 109 440
8 833 898 30 955 559 495 957 347
8 353 249 356 433 389 810 368 507
8 47 95 334 537 741 687 390 391
8 8 600 805 648 716 376 812 47
8 855 627 556 372 824 335 125 476
8 549 447 400 307 840 239 232 400
8 446 11 512 743 57 972 182 646
8 172 216 961 85 935 905 768 938
8 1 1 1 1 1 1 1 1000
8 368 317 102 147 238 765 720 786
8 997 254 720 156 471 691 689 614
8 207 958 857 592 529 436 87 883
8 409 240 158 908 679 946 515 131
8 289 708 886 891 819 311 813 171
8 609 4 59 519 498 16 865 750
8 529 128 942 233 365 625 734 964
8 927 455 471 821 924 259 754 703
8 35 921 342 262 685 151 184 189
8 86 468 142 814 475 255 116 937
8 462 811 738 337 483 391 344 263
8 480 618 479 302 660 167 916 37
8 132 756 895 872 442 284 614 901
8 780 85 295 700 796 621 453 757
8 211 119 93 402 357 676 153 769
8 404 14 402 158 999 298 612 696
8 61 616 88 364 140 942 914 147
8 979 193 733 351 399 331 699 467
8 442 78 267 962 838 245 813 143
8 111 937 475 386 195 228 440 890
8 767 10 307 590 345 783 418 753
8 467 426 329 264 734 334 320 454
8 615 933 563 449 323 907 63 261
8 587 575 836 417 771 309 466 651
8 39 765 345 228 10 158 371 965
8 901 192 499 635 511 319 189 807
8 243 751 569 775 500 848 848 318
8 999 590 218 880 377 656 114 303
8 688 311 297 362 569 712 975 753
8 126 428 74 520 31 428 258 662
8 143 544 275 587 249 234 672 662
8 437 407 235 153 383 968 469 554
8 559 716 384 421 34 572 580 495
8 780 196 231 222 479 197 122 697
8 911 521 604 300 682 971 806 853
8 259 60 664 47 427 570 311 222
8 885 455 295 11 30 427 325 756
8 993 381 33 468 987 500 404 530
8 418 285 925 330 782 174 240 219
8 191 590 322 738 169 761 627 500
